
SUMMARISING RUN PARAMETERS
==========================
Input filename: /beegfs/scratch/ric.sessa/kubacki.michal/SRF_Eva_top/meDIP/fastq/GFP-2-IP_R2_001.fastq.gz
Trimming mode: paired-end
Trim Galore version: 0.6.10
Cutadapt version: 5.1
Python version: 3.12.10
Number of cores used for trimming: 2
Quality Phred score cutoff: 20
Quality encoding type selected: ASCII+33
Using Illumina adapter for trimming (count: 84344). Second best hit was Nextera (count: 21)
Adapter sequence: 'AGATCGGAAGAGC' (Illumina TruSeq, Sanger iPCR; auto-detected)
Maximum trimming error rate: 0.1 (default)
Minimum required adapter overlap (stringency): 3 bp
Minimum required sequence length for both reads before a sequence pair gets removed: 20 bp
Running FastQC on the data once trimming has completed
Output file will be GZIP compressed


This is cutadapt 5.1 with Python 3.12.10
Command line parameters: -j 2 -e 0.1 -q 20 -O 3 -a AGATCGGAAGAGC /beegfs/scratch/ric.sessa/kubacki.michal/SRF_Eva_top/meDIP/fastq/GFP-2-IP_R2_001.fastq.gz
Processing single-end reads on 2 cores ...

=== Summary ===

Total reads processed:              57,061,019
Reads with adapters:                11,825,516 (20.7%)
Reads written (passing filters):    57,061,019 (100.0%)

Total basepairs processed: 8,559,152,850 bp
Quality-trimmed:              16,912,289 bp (0.2%)
Total written (filtered):  8,214,835,195 bp (96.0%)

=== Adapter 1 ===

Sequence: AGATCGGAAGAGC; Type: regular 3'; Length: 13; Trimmed: 11825516 times

Minimum overlap: 3
No. of allowed errors:
1-9 bp: 0; 10-13 bp: 1

Bases preceding removed adapters:
  A: 28.4%
  C: 17.9%
  G: 24.5%
  T: 29.2%
  none/other: 0.1%

Overview of removed sequences
length	count	expect	max.err	error counts
3	1389946	891578.4	0	1389946
4	472545	222894.6	0	472545
5	366170	55723.7	0	366170
6	198831	13930.9	0	198831
7	236587	3482.7	0	236587
8	287669	870.7	0	287669
9	216465	217.7	0	214734 1731
10	240434	54.4	1	226150 14284
11	253357	13.6	1	235628 17729
12	258409	3.4	1	241856 16553
13	226330	0.9	1	211433 14897
14	228427	0.9	1	211755 16672
15	223598	0.9	1	208094 15504
16	250147	0.9	1	233000 17147
17	215060	0.9	1	201119 13941
18	197258	0.9	1	184712 12546
19	229610	0.9	1	215307 14303
20	216828	0.9	1	203182 13646
21	209588	0.9	1	196548 13040
22	191293	0.9	1	181296 9997
23	173664	0.9	1	164093 9571
24	205671	0.9	1	193139 12532
25	211880	0.9	1	201756 10124
26	158727	0.9	1	149705 9022
27	178201	0.9	1	167789 10412
28	157906	0.9	1	150835 7071
29	172328	0.9	1	163445 8883
30	164116	0.9	1	156856 7260
31	151290	0.9	1	144472 6818
32	154363	0.9	1	147835 6528
33	150274	0.9	1	143421 6853
34	159790	0.9	1	151383 8407
35	140199	0.9	1	135151 5048
36	128287	0.9	1	123187 5100
37	141341	0.9	1	134979 6362
38	130883	0.9	1	125844 5039
39	128157	0.9	1	122856 5301
40	134967	0.9	1	128724 6243
41	106241	0.9	1	102123 4118
42	105129	0.9	1	100753 4376
43	108948	0.9	1	103930 5018
44	103712	0.9	1	99306 4406
45	108512	0.9	1	102840 5672
46	119245	0.9	1	113253 5992
47	78013	0.9	1	74186 3827
48	92902	0.9	1	88161 4741
49	96468	0.9	1	91028 5440
50	80321	0.9	1	76484 3837
51	86138	0.9	1	81172 4966
52	88036	0.9	1	83650 4386
53	69037	0.9	1	65741 3296
54	72272	0.9	1	68749 3523
55	72096	0.9	1	68459 3637
56	69730	0.9	1	66358 3372
57	67599	0.9	1	64406 3193
58	61030	0.9	1	57852 3178
59	63587	0.9	1	61060 2527
60	57489	0.9	1	54810 2679
61	54422	0.9	1	52264 2158
62	51583	0.9	1	49402 2181
63	65239	0.9	1	62837 2402
64	43418	0.9	1	41751 1667
65	39775	0.9	1	38347 1428
66	42099	0.9	1	40333 1766
67	44068	0.9	1	42515 1553
68	44887	0.9	1	43205 1682
69	36106	0.9	1	34642 1464
70	40213	0.9	1	38597 1616
71	38020	0.9	1	36595 1425
72	36334	0.9	1	34717 1617
73	49576	0.9	1	47856 1720
74	46625	0.9	1	44998 1627
75	43558	0.9	1	42331 1227
76	9748	0.9	1	9260 488
77	9261	0.9	1	8696 565
78	17494	0.9	1	16821 673
79	19997	0.9	1	19236 761
80	20558	0.9	1	19794 764
81	20104	0.9	1	19308 796
82	20323	0.9	1	19607 716
83	18780	0.9	1	18034 746
84	18062	0.9	1	17358 704
85	17174	0.9	1	16476 698
86	16554	0.9	1	15917 637
87	14862	0.9	1	14255 607
88	14456	0.9	1	13922 534
89	13562	0.9	1	13010 552
90	13239	0.9	1	12730 509
91	12557	0.9	1	12107 450
92	11532	0.9	1	11095 437
93	11323	0.9	1	10887 436
94	9948	0.9	1	9537 411
95	8984	0.9	1	8659 325
96	9651	0.9	1	9236 415
97	8445	0.9	1	8096 349
98	7741	0.9	1	7444 297
99	7928	0.9	1	7627 301
100	7724	0.9	1	7428 296
101	6523	0.9	1	6278 245
102	6216	0.9	1	5960 256
103	5969	0.9	1	5740 229
104	5333	0.9	1	5133 200
105	4859	0.9	1	4667 192
106	4527	0.9	1	4367 160
107	4196	0.9	1	4055 141
108	4111	0.9	1	3898 213
109	3646	0.9	1	3469 177
110	3247	0.9	1	2993 254
111	3253	0.9	1	2922 331
112	2940	0.9	1	2556 384
113	3262	0.9	1	2733 529
114	2683	0.9	1	2139 544
115	2603	0.9	1	2213 390
116	2831	0.9	1	2362 469
117	2061	0.9	1	1491 570
118	2056	0.9	1	1321 735
119	1892	0.9	1	1299 593
120	1688	0.9	1	1026 662
121	1255	0.9	1	753 502
122	925	0.9	1	678 247
123	898	0.9	1	704 194
124	521	0.9	1	404 117
125	375	0.9	1	282 93
126	306	0.9	1	226 80
127	439	0.9	1	390 49
128	226	0.9	1	179 47
129	513	0.9	1	467 46
130	167	0.9	1	122 45
131	129	0.9	1	76 53
132	148	0.9	1	68 80
133	97	0.9	1	50 47
134	189	0.9	1	130 59
135	161	0.9	1	91 70
136	276	0.9	1	231 45
137	491	0.9	1	377 114
138	7218	0.9	1	7020 198
139	369	0.9	1	304 65
140	617	0.9	1	570 47
141	40096	0.9	1	39213 883
142	1992	0.9	1	1947 45
143	5457	0.9	1	5324 133
144	450	0.9	1	420 30
145	126	0.9	1	85 41
146	1248	0.9	1	1195 53
147	185	0.9	1	140 45
148	121	0.9	1	85 36
149	338	0.9	1	185 153
150	13256	0.9	1	9345 3911

RUN STATISTICS FOR INPUT FILE: /beegfs/scratch/ric.sessa/kubacki.michal/SRF_Eva_top/meDIP/fastq/GFP-2-IP_R2_001.fastq.gz
=============================================
57061019 sequences processed in total

Total number of sequences analysed for the sequence pair length validation: 57061019

Number of sequence pairs removed because at least one read was shorter than the length cutoff (20 bp): 8477286 (14.86%)
