
SUMMARISING RUN PARAMETERS
==========================
Input filename: /beegfs/scratch/ric.sessa/kubacki.michal/SRF_Eva_top/meDIP/fastq/GFP-1-IP_R1_001.fastq.gz
Trimming mode: paired-end
Trim Galore version: 0.6.10
Cutadapt version: 5.1
Python version: 3.12.10
Number of cores used for trimming: 2
Quality Phred score cutoff: 20
Quality encoding type selected: ASCII+33
Using Illumina adapter for trimming (count: 68101). Second best hit was Nextera (count: 25)
Adapter sequence: 'AGATCGGAAGAGC' (Illumina TruSeq, Sanger iPCR; auto-detected)
Maximum trimming error rate: 0.1 (default)
Minimum required adapter overlap (stringency): 3 bp
Minimum required sequence length for both reads before a sequence pair gets removed: 20 bp
Running FastQC on the data once trimming has completed
Output file will be GZIP compressed


This is cutadapt 5.1 with Python 3.12.10
Command line parameters: -j 2 -e 0.1 -q 20 -O 3 -a AGATCGGAAGAGC /beegfs/scratch/ric.sessa/kubacki.michal/SRF_Eva_top/meDIP/fastq/GFP-1-IP_R1_001.fastq.gz
Processing single-end reads on 2 cores ...

=== Summary ===

Total reads processed:              54,444,821
Reads with adapters:                13,545,304 (24.9%)
Reads written (passing filters):    54,444,821 (100.0%)

Total basepairs processed: 8,166,723,150 bp
Quality-trimmed:              45,878,451 bp (0.6%)
Total written (filtered):  7,001,974,778 bp (85.7%)

=== Adapter 1 ===

Sequence: AGATCGGAAGAGC; Type: regular 3'; Length: 13; Trimmed: 13545304 times

Minimum overlap: 3
No. of allowed errors:
1-9 bp: 0; 10-13 bp: 1

Bases preceding removed adapters:
  A: 13.3%
  C: 11.8%
  G: 10.9%
  T: 19.1%
  none/other: 44.9%

Overview of removed sequences
length	count	expect	max.err	error counts
3	878545	850700.3	0	878545
4	390874	212675.1	0	390874
5	281936	53168.8	0	281936
6	105236	13292.2	0	105236
7	69209	3323.0	0	69209
8	154939	830.8	0	154939
9	124888	207.7	0	124048 840
10	104196	51.9	1	86083 18113
11	177494	13.0	1	126185 51309
12	162696	3.2	1	130019 32677
13	124004	0.8	1	97968 26036
14	130598	0.8	1	100342 30256
15	140316	0.8	1	111212 29104
16	147705	0.8	1	112613 35092
17	229864	0.8	1	177926 51938
18	68406	0.8	1	57809 10597
19	107311	0.8	1	87346 19965
20	136468	0.8	1	108706 27762
21	177575	0.8	1	141720 35855
22	80596	0.8	1	68515 12081
23	138380	0.8	1	113884 24496
24	113491	0.8	1	89152 24339
25	114408	0.8	1	95840 18568
26	110894	0.8	1	93614 17280
27	139558	0.8	1	116064 23494
28	104029	0.8	1	87932 16097
29	137269	0.8	1	113506 23763
30	82177	0.8	1	74284 7893
31	83095	0.8	1	71255 11840
32	101729	0.8	1	86701 15028
33	98810	0.8	1	83666 15144
34	97713	0.8	1	83635 14078
35	129366	0.8	1	109986 19380
36	153559	0.8	1	126125 27434
37	70881	0.8	1	64279 6602
38	31001	0.8	1	26502 4499
39	116631	0.8	1	102485 14146
40	88502	0.8	1	71874 16628
41	67897	0.8	1	62212 5685
42	30840	0.8	1	26844 3996
43	76041	0.8	1	66950 9091
44	66711	0.8	1	55437 11274
45	83336	0.8	1	74425 8911
46	49332	0.8	1	40216 9116
47	75162	0.8	1	65457 9705
48	51201	0.8	1	45233 5968
49	70913	0.8	1	61286 9627
50	37190	0.8	1	31506 5684
51	90731	0.8	1	77003 13728
52	37106	0.8	1	30631 6475
53	34368	0.8	1	30146 4222
54	52197	0.8	1	44915 7282
55	26181	0.8	1	23195 2986
56	41154	0.8	1	35023 6131
57	36697	0.8	1	31628 5069
58	48070	0.8	1	40975 7095
59	45276	0.8	1	37822 7454
60	24262	0.8	1	21193 3069
61	46536	0.8	1	39234 7302
62	26574	0.8	1	23320 3254
63	25606	0.8	1	22610 2996
64	36329	0.8	1	31478 4851
65	49245	0.8	1	41855 7390
66	51156	0.8	1	46488 4668
67	32315	0.8	1	29359 2956
68	20569	0.8	1	18142 2427
69	25324	0.8	1	22315 3009
70	27526	0.8	1	24057 3469
71	7478	0.8	1	6260 1218
72	4569	0.8	1	3785 784
73	5126	0.8	1	4341 785
74	5654	0.8	1	4906 748
75	7420	0.8	1	6542 878
76	9402	0.8	1	8448 954
77	11032	0.8	1	9976 1056
78	11794	0.8	1	10666 1128
79	12061	0.8	1	10910 1151
80	13171	0.8	1	11892 1279
81	12568	0.8	1	11271 1297
82	11851	0.8	1	10714 1137
83	11424	0.8	1	10249 1175
84	11489	0.8	1	10387 1102
85	10762	0.8	1	9695 1067
86	10558	0.8	1	9489 1069
87	10425	0.8	1	9380 1045
88	9647	0.8	1	8707 940
89	8874	0.8	1	8018 856
90	8529	0.8	1	7731 798
91	8314	0.8	1	7524 790
92	7651	0.8	1	6939 712
93	7333	0.8	1	6656 677
94	6737	0.8	1	6138 599
95	6756	0.8	1	6137 619
96	6373	0.8	1	5796 577
97	6150	0.8	1	5615 535
98	5658	0.8	1	5162 496
99	5056	0.8	1	4588 468
100	5022	0.8	1	4596 426
101	4612	0.8	1	4243 369
102	4216	0.8	1	3846 370
103	3973	0.8	1	3648 325
104	3934	0.8	1	3630 304
105	3324	0.8	1	3046 278
106	3137	0.8	1	2883 254
107	2810	0.8	1	2557 253
108	2734	0.8	1	2504 230
109	2539	0.8	1	2335 204
110	2356	0.8	1	2183 173
111	2011	0.8	1	1858 153
112	2045	0.8	1	1871 174
113	2700	0.8	1	2526 174
114	1687	0.8	1	1559 128
115	2226	0.8	1	2096 130
116	3015	0.8	1	2872 143
117	1241	0.8	1	1114 127
118	839	0.8	1	763 76
119	748	0.8	1	673 75
120	554	0.8	1	477 77
121	637	0.8	1	551 86
122	550	0.8	1	458 92
123	509	0.8	1	404 105
124	268	0.8	1	193 75
125	291	0.8	1	207 84
126	206	0.8	1	117 89
127	255	0.8	1	169 86
128	160	0.8	1	73 87
129	182	0.8	1	83 99
130	213	0.8	1	113 100
131	228	0.8	1	105 123
132	162	0.8	1	30 132
133	198	0.8	1	27 171
134	272	0.8	1	61 211
135	271	0.8	1	41 230
136	340	0.8	1	47 293
137	584	0.8	1	264 320
138	521	0.8	1	164 357
139	770	0.8	1	285 485
140	1168	0.8	1	668 500
141	29163	0.8	1	27420 1743
142	2512	0.8	1	1589 923
143	5171	0.8	1	4046 1125
144	1918	0.8	1	460 1458
145	2485	0.8	1	74 2411
146	4536	0.8	1	1248 3288
147	8489	0.8	1	204 8285
148	13146	0.8	1	73 13073
149	113871	0.8	1	270 113601
150	5956449	0.8	1	8486 5947963

RUN STATISTICS FOR INPUT FILE: /beegfs/scratch/ric.sessa/kubacki.michal/SRF_Eva_top/meDIP/fastq/GFP-1-IP_R1_001.fastq.gz
=============================================
54444821 sequences processed in total

