
SUMMARISING RUN PARAMETERS
==========================
Input filename: /beegfs/scratch/ric.sessa/kubacki.michal/SRF_Eva_top/meDIP/fastq/GFP-1-INPUT_R2_001.fastq.gz
Trimming mode: paired-end
Trim Galore version: 0.6.10
Cutadapt version: 5.1
Python version: 3.12.10
Number of cores used for trimming: 2
Quality Phred score cutoff: 20
Quality encoding type selected: ASCII+33
Using Illumina adapter for trimming (count: 235116). Second best hit was Nextera (count: 14)
Adapter sequence: 'AGATCGGAAGAGC' (Illumina TruSeq, Sanger iPCR; auto-detected)
Maximum trimming error rate: 0.1 (default)
Minimum required adapter overlap (stringency): 3 bp
Minimum required sequence length for both reads before a sequence pair gets removed: 20 bp
Running FastQC on the data once trimming has completed
Output file will be GZIP compressed


This is cutadapt 5.1 with Python 3.12.10
Command line parameters: -j 2 -e 0.1 -q 20 -O 3 -a AGATCGGAAGAGC /beegfs/scratch/ric.sessa/kubacki.michal/SRF_Eva_top/meDIP/fastq/GFP-1-INPUT_R2_001.fastq.gz
Processing single-end reads on 2 cores ...

=== Summary ===

Total reads processed:             170,020,745
Reads with adapters:                75,164,351 (44.2%)
Reads written (passing filters):   170,020,745 (100.0%)

Total basepairs processed: 25,503,111,750 bp
Quality-trimmed:              65,395,365 bp (0.3%)
Total written (filtered):  23,014,344,703 bp (90.2%)

=== Adapter 1 ===

Sequence: AGATCGGAAGAGC; Type: regular 3'; Length: 13; Trimmed: 75164351 times

Minimum overlap: 3
No. of allowed errors:
1-9 bp: 0; 10-13 bp: 1

Bases preceding removed adapters:
  A: 25.4%
  C: 19.2%
  G: 21.2%
  T: 34.2%
  none/other: 0.0%

Overview of removed sequences
length	count	expect	max.err	error counts
3	3639207	2656574.1	0	3639207
4	1979862	664143.5	0	1979862
5	2009934	166035.9	0	2009934
6	1080907	41509.0	0	1080907
7	1314687	10377.2	0	1314687
8	1674734	2594.3	0	1674734
9	1238035	648.6	0	1228849 9186
10	1392691	162.1	1	1298052 94639
11	1518475	40.5	1	1387962 130513
12	1590664	10.1	1	1468820 121844
13	1365736	2.5	1	1257087 108649
14	1397915	2.5	1	1275657 122258
15	1385046	2.5	1	1266121 118925
16	1597917	2.5	1	1463515 134402
17	1344811	2.5	1	1239118 105693
18	1275658	2.5	1	1175040 100618
19	1408118	2.5	1	1302162 105956
20	1472636	2.5	1	1358277 114359
21	1453810	2.5	1	1341490 112320
22	1264116	2.5	1	1183158 80958
23	1136120	2.5	1	1062020 74100
24	1302761	2.5	1	1211433 91328
25	1510063	2.5	1	1418387 91676
26	1123463	2.5	1	1045834 77629
27	1264183	2.5	1	1174803 89380
28	1099626	2.5	1	1038474 61152
29	1231225	2.5	1	1152093 79132
30	1134905	2.5	1	1073731 61174
31	1140722	2.5	1	1075634 65088
32	1120483	2.5	1	1061645 58838
33	1143050	2.5	1	1081112 61938
34	1241863	2.5	1	1167227 74636
35	1097883	2.5	1	1041401 56482
36	931939	2.5	1	888185 43754
37	1026368	2.5	1	977604 48764
38	935404	2.5	1	891359 44045
39	834699	2.5	1	791063 43636
40	897026	2.5	1	854513 42513
41	891813	2.5	1	845614 46199
42	854287	2.5	1	812586 41701
43	870337	2.5	1	822652 47685
44	806069	2.5	1	765931 40138
45	840677	2.5	1	790253 50424
46	928159	2.5	1	874539 53620
47	609719	2.5	1	574806 34913
48	731033	2.5	1	687226 43807
49	767940	2.5	1	717479 50461
50	636125	2.5	1	600058 36067
51	708518	2.5	1	658703 49815
52	731321	2.5	1	689120 42201
53	542239	2.5	1	510793 31446
54	589238	2.5	1	556800 32438
55	586983	2.5	1	550896 36087
56	573726	2.5	1	541014 32712
57	549557	2.5	1	520130 29427
58	518855	2.5	1	486501 32354
59	528883	2.5	1	503052 25831
60	471637	2.5	1	446740 24897
61	466341	2.5	1	444152 22189
62	435689	2.5	1	412917 22772
63	563192	2.5	1	538960 24232
64	379016	2.5	1	362206 16810
65	345522	2.5	1	329973 15549
66	365554	2.5	1	348304 17250
67	381197	2.5	1	364883 16314
68	389771	2.5	1	373267 16504
69	317806	2.5	1	303789 14017
70	361590	2.5	1	344587 17003
71	345790	2.5	1	331015 14775
72	321840	2.5	1	305515 16325
73	445261	2.5	1	426834 18427
74	420857	2.5	1	402815 18042
75	400664	2.5	1	388290 12374
76	91240	2.5	1	86285 4955
77	85184	2.5	1	79751 5433
78	152962	2.5	1	146019 6943
79	182111	2.5	1	174154 7957
80	188742	2.5	1	180801 7941
81	187518	2.5	1	179377 8141
82	182250	2.5	1	174379 7871
83	179817	2.5	1	171923 7894
84	169796	2.5	1	162342 7454
85	164704	2.5	1	157647 7057
86	154593	2.5	1	147857 6736
87	145426	2.5	1	139235 6191
88	136573	2.5	1	130743 5830
89	128603	2.5	1	123182 5421
90	124019	2.5	1	118925 5094
91	118087	2.5	1	113419 4668
92	112328	2.5	1	107871 4457
93	106495	2.5	1	102322 4173
94	99205	2.5	1	95214 3991
95	94116	2.5	1	90515 3601
96	88743	2.5	1	85387 3356
97	83570	2.5	1	80342 3228
98	81114	2.5	1	78064 3050
99	76421	2.5	1	73521 2900
100	72519	2.5	1	69821 2698
101	66114	2.5	1	63615 2499
102	61338	2.5	1	59154 2184
103	56193	2.5	1	54110 2083
104	51832	2.5	1	49913 1919
105	48150	2.5	1	46444 1706
106	44728	2.5	1	43085 1643
107	40837	2.5	1	39332 1505
108	37223	2.5	1	35849 1374
109	34109	2.5	1	32898 1211
110	30890	2.5	1	29753 1137
111	27763	2.5	1	26640 1123
112	25219	2.5	1	24138 1081
113	22616	2.5	1	21382 1234
114	19805	2.5	1	18707 1098
115	17326	2.5	1	16413 913
116	15230	2.5	1	14154 1076
117	13072	2.5	1	12159 913
118	11264	2.5	1	10363 901
119	9854	2.5	1	8783 1071
120	8515	2.5	1	7555 960
121	6818	2.5	1	6059 759
122	5311	2.5	1	4835 476
123	4259	2.5	1	3865 394
124	3166	2.5	1	2841 325
125	2304	2.5	1	2058 246
126	1722	2.5	1	1519 203
127	1144	2.5	1	997 147
128	803	2.5	1	670 133
129	859	2.5	1	724 135
130	718	2.5	1	616 102
131	411	2.5	1	285 126
132	383	2.5	1	283 100
133	364	2.5	1	265 99
134	595	2.5	1	468 127
135	362	2.5	1	260 102
136	540	2.5	1	453 87
137	675	2.5	1	454 221
138	3141	2.5	1	2952 189
139	549	2.5	1	453 96
140	557	2.5	1	476 81
141	6734	2.5	1	6472 262
142	757	2.5	1	674 83
143	3931	2.5	1	3745 186
144	1855	2.5	1	1739 116
145	488	2.5	1	410 78
146	770	2.5	1	633 137
147	438	2.5	1	326 112
148	717	2.5	1	567 150
149	939	2.5	1	521 418
150	10879	2.5	1	7219 3660

RUN STATISTICS FOR INPUT FILE: /beegfs/scratch/ric.sessa/kubacki.michal/SRF_Eva_top/meDIP/fastq/GFP-1-INPUT_R2_001.fastq.gz
=============================================
170020745 sequences processed in total

Total number of sequences analysed for the sequence pair length validation: 170020745

Number of sequence pairs removed because at least one read was shorter than the length cutoff (20 bp): 9764288 (5.74%)
