
SUMMARISING RUN PARAMETERS
==========================
Input filename: /beegfs/scratch/ric.sessa/kubacki.michal/SRF_Eva_top/meDIP/fastq/GFP-1-INPUT_R1_001.fastq.gz
Trimming mode: paired-end
Trim Galore version: 0.6.10
Cutadapt version: 5.1
Python version: 3.12.10
Number of cores used for trimming: 2
Quality Phred score cutoff: 20
Quality encoding type selected: ASCII+33
Using Illumina adapter for trimming (count: 235116). Second best hit was Nextera (count: 14)
Adapter sequence: 'AGATCGGAAGAGC' (Illumina TruSeq, Sanger iPCR; auto-detected)
Maximum trimming error rate: 0.1 (default)
Minimum required adapter overlap (stringency): 3 bp
Minimum required sequence length for both reads before a sequence pair gets removed: 20 bp
Running FastQC on the data once trimming has completed
Output file will be GZIP compressed


This is cutadapt 5.1 with Python 3.12.10
Command line parameters: -j 2 -e 0.1 -q 20 -O 3 -a AGATCGGAAGAGC /beegfs/scratch/ric.sessa/kubacki.michal/SRF_Eva_top/meDIP/fastq/GFP-1-INPUT_R1_001.fastq.gz
Processing single-end reads on 2 cores ...

=== Summary ===

Total reads processed:             170,020,745
Reads with adapters:                77,521,614 (45.6%)
Reads written (passing filters):   170,020,745 (100.0%)

Total basepairs processed: 25,503,111,750 bp
Quality-trimmed:             136,698,919 bp (0.5%)
Total written (filtered):  21,710,319,954 bp (85.1%)

=== Adapter 1 ===

Sequence: AGATCGGAAGAGC; Type: regular 3'; Length: 13; Trimmed: 77521614 times

Minimum overlap: 3
No. of allowed errors:
1-9 bp: 0; 10-13 bp: 1

Bases preceding removed adapters:
  A: 23.1%
  C: 16.9%
  G: 18.3%
  T: 29.2%
  none/other: 12.5%

Overview of removed sequences
length	count	expect	max.err	error counts
3	3765018	2656574.1	0	3765018
4	1813394	664143.5	0	1813394
5	1991930	166035.9	0	1991930
6	891967	41509.0	0	891967
7	596522	10377.2	0	596522
8	1299615	2594.3	0	1299615
9	976420	648.6	0	970157 6263
10	937718	162.1	1	787901 149817
11	1411243	40.5	1	1056731 354512
12	1428144	10.1	1	1170688 257456
13	1037334	2.5	1	841945 195389
14	1146887	2.5	1	919438 227449
15	1244478	2.5	1	1017480 226998
16	1285232	2.5	1	1024506 260726
17	2002357	2.5	1	1608513 393844
18	700536	2.5	1	602444 98092
19	973521	2.5	1	814936 158585
20	1267978	2.5	1	1038484 229494
21	1631261	2.5	1	1361830 269431
22	769263	2.5	1	663591 105672
23	1359493	2.5	1	1149048 210445
24	1045336	2.5	1	856958 188378
25	1121315	2.5	1	965601 155714
26	1102523	2.5	1	953866 148657
27	1402873	2.5	1	1200961 201912
28	1001511	2.5	1	868563 132948
29	1256575	2.5	1	1072265 184310
30	924276	2.5	1	840037 84239
31	872923	2.5	1	766623 106300
32	1051002	2.5	1	917701 133301
33	1033268	2.5	1	894633 138635
34	1122995	2.5	1	972879 150116
35	915010	2.5	1	813703 101307
36	1417784	2.5	1	1265842 151942
37	482510	2.5	1	423451 59059
38	1030844	2.5	1	902207 128637
39	744370	2.5	1	674477 69893
40	1103643	2.5	1	956880 146763
41	1065705	2.5	1	961652 104053
42	568808	2.5	1	491566 77242
43	853313	2.5	1	728799 124514
44	744704	2.5	1	657809 86895
45	946868	2.5	1	851505 95363
46	592726	2.5	1	510139 82587
47	940573	2.5	1	827053 113520
48	652401	2.5	1	582096 70305
49	790129	2.5	1	700898 89231
50	466485	2.5	1	402768 63717
51	1078285	2.5	1	946776 131509
52	418592	2.5	1	353212 65380
53	420043	2.5	1	372927 47116
54	684689	2.5	1	603002 81687
55	312523	2.5	1	278682 33841
56	524973	2.5	1	458188 66785
57	461414	2.5	1	404397 57017
58	598017	2.5	1	522217 75800
59	585407	2.5	1	505279 80128
60	306598	2.5	1	270652 35946
61	610358	2.5	1	528817 81541
62	339715	2.5	1	303179 36536
63	327314	2.5	1	292319 34995
64	476281	2.5	1	419930 56351
65	663679	2.5	1	582733 80946
66	683785	2.5	1	631184 52601
67	362980	2.5	1	330811 32169
68	260332	2.5	1	231701 28631
69	324455	2.5	1	289893 34562
70	366826	2.5	1	327900 38926
71	94927	2.5	1	81070 13857
72	59541	2.5	1	50236 9305
73	65236	2.5	1	56248 8988
74	76104	2.5	1	66901 9203
75	102895	2.5	1	92582 10313
76	129647	2.5	1	117556 12091
77	150359	2.5	1	137367 12992
78	164215	2.5	1	150159 14056
79	170465	2.5	1	155976 14489
80	173545	2.5	1	158871 14674
81	172440	2.5	1	157273 15167
82	168501	2.5	1	153571 14930
83	163432	2.5	1	149036 14396
84	158015	2.5	1	144323 13692
85	151436	2.5	1	137739 13697
86	145875	2.5	1	133114 12761
87	140681	2.5	1	128681 12000
88	133411	2.5	1	121878 11533
89	126327	2.5	1	115433 10894
90	120841	2.5	1	110295 10546
91	116332	2.5	1	106374 9958
92	110662	2.5	1	101659 9003
93	104693	2.5	1	96119 8574
94	98668	2.5	1	90297 8371
95	93362	2.5	1	85855 7507
96	87854	2.5	1	80751 7103
97	82623	2.5	1	76012 6611
98	78743	2.5	1	72428 6315
99	73893	2.5	1	67944 5949
100	69651	2.5	1	64101 5550
101	65107	2.5	1	60076 5031
102	60525	2.5	1	55817 4708
103	56039	2.5	1	51795 4244
104	52065	2.5	1	48236 3829
105	47858	2.5	1	44373 3485
106	44386	2.5	1	41122 3264
107	40497	2.5	1	37350 3147
108	36899	2.5	1	34242 2657
109	33956	2.5	1	31437 2519
110	30737	2.5	1	28411 2326
111	27771	2.5	1	25778 1993
112	24870	2.5	1	23132 1738
113	21945	2.5	1	20390 1555
114	19069	2.5	1	17737 1332
115	16760	2.5	1	15534 1226
116	14430	2.5	1	13417 1013
117	12471	2.5	1	11469 1002
118	10598	2.5	1	9768 830
119	9014	2.5	1	8310 704
120	7707	2.5	1	7094 613
121	6234	2.5	1	5660 574
122	5066	2.5	1	4616 450
123	3843	2.5	1	3440 403
124	3015	2.5	1	2661 354
125	2207	2.5	1	1928 279
126	1671	2.5	1	1417 254
127	1177	2.5	1	934 243
128	854	2.5	1	609 245
129	652	2.5	1	404 248
130	845	2.5	1	528 317
131	522	2.5	1	275 247
132	539	2.5	1	268 271
133	600	2.5	1	239 361
134	794	2.5	1	380 414
135	671	2.5	1	219 452
136	789	2.5	1	280 509
137	824	2.5	1	332 492
138	892	2.5	1	292 600
139	1186	2.5	1	455 731
140	1317	2.5	1	518 799
141	7610	2.5	1	6219 1391
142	2065	2.5	1	678 1387
143	5523	2.5	1	3659 1864
144	4087	2.5	1	1701 2386
145	4299	2.5	1	407 3892
146	5799	2.5	1	623 5176
147	13173	2.5	1	314 12859
148	20837	2.5	1	562 20275
149	162180	2.5	1	544 161636
150	9458218	2.5	1	7051 9451167

RUN STATISTICS FOR INPUT FILE: /beegfs/scratch/ric.sessa/kubacki.michal/SRF_Eva_top/meDIP/fastq/GFP-1-INPUT_R1_001.fastq.gz
=============================================
170020745 sequences processed in total

