
SUMMARISING RUN PARAMETERS
==========================
Input filename: /beegfs/scratch/ric.sessa/kubacki.michal/SRF_Eva_top/meDIP/fastq/GFP-1-IP_R2_001.fastq.gz
Trimming mode: paired-end
Trim Galore version: 0.6.10
Cutadapt version: 5.1
Python version: 3.12.10
Number of cores used for trimming: 2
Quality Phred score cutoff: 20
Quality encoding type selected: ASCII+33
Using Illumina adapter for trimming (count: 68101). Second best hit was Nextera (count: 25)
Adapter sequence: 'AGATCGGAAGAGC' (Illumina TruSeq, Sanger iPCR; auto-detected)
Maximum trimming error rate: 0.1 (default)
Minimum required adapter overlap (stringency): 3 bp
Minimum required sequence length for both reads before a sequence pair gets removed: 20 bp
Running FastQC on the data once trimming has completed
Output file will be GZIP compressed


This is cutadapt 5.1 with Python 3.12.10
Command line parameters: -j 2 -e 0.1 -q 20 -O 3 -a AGATCGGAAGAGC /beegfs/scratch/ric.sessa/kubacki.michal/SRF_Eva_top/meDIP/fastq/GFP-1-IP_R2_001.fastq.gz
Processing single-end reads on 2 cores ...

=== Summary ===

Total reads processed:              54,444,821
Reads with adapters:                 9,485,740 (17.4%)
Reads written (passing filters):    54,444,821 (100.0%)

Total basepairs processed: 8,166,723,150 bp
Quality-trimmed:              14,914,794 bp (0.2%)
Total written (filtered):  7,905,800,042 bp (96.8%)

=== Adapter 1 ===

Sequence: AGATCGGAAGAGC; Type: regular 3'; Length: 13; Trimmed: 9485740 times

Minimum overlap: 3
No. of allowed errors:
1-9 bp: 0; 10-13 bp: 1

Bases preceding removed adapters:
  A: 28.2%
  C: 18.0%
  G: 24.5%
  T: 29.2%
  none/other: 0.1%

Overview of removed sequences
length	count	expect	max.err	error counts
3	1389154	850700.3	0	1389154
4	438672	212675.1	0	438672
5	312929	53168.8	0	312929
6	162077	13292.2	0	162077
7	198134	3323.0	0	198134
8	236699	830.8	0	236699
9	173655	207.7	0	171577 2078
10	198831	51.9	1	186218 12613
11	199318	13.0	1	184695 14623
12	210998	3.2	1	196837 14161
13	181789	0.8	1	169275 12514
14	183247	0.8	1	169444 13803
15	178018	0.8	1	165270 12748
16	197046	0.8	1	183208 13838
17	171256	0.8	1	159802 11454
18	154798	0.8	1	144562 10236
19	180511	0.8	1	169005 11506
20	167800	0.8	1	156854 10946
21	163328	0.8	1	153028 10300
22	147729	0.8	1	139419 8310
23	135029	0.8	1	127181 7848
24	153500	0.8	1	143741 9759
25	163814	0.8	1	155570 8244
26	118007	0.8	1	110474 7533
27	145901	0.8	1	136702 9199
28	118251	0.8	1	112594 5657
29	133484	0.8	1	126073 7411
30	121355	0.8	1	115626 5729
31	120561	0.8	1	114564 5997
32	111693	0.8	1	106678 5015
33	124648	0.8	1	118245 6403
34	113869	0.8	1	107607 6262
35	97769	0.8	1	93501 4268
36	108145	0.8	1	103129 5016
37	102610	0.8	1	98196 4414
38	94141	0.8	1	89950 4191
39	91980	0.8	1	88201 3779
40	90498	0.8	1	86216 4282
41	81867	0.8	1	78238 3629
42	83135	0.8	1	79371 3764
43	80270	0.8	1	76328 3942
44	76078	0.8	1	72583 3495
45	78029	0.8	1	73830 4199
46	84415	0.8	1	80117 4298
47	56966	0.8	1	54088 2878
48	68365	0.8	1	64804 3561
49	70133	0.8	1	66061 4072
50	57992	0.8	1	55103 2889
51	63510	0.8	1	59798 3712
52	64512	0.8	1	61301 3211
53	49259	0.8	1	46799 2460
54	52384	0.8	1	49750 2634
55	51831	0.8	1	49091 2740
56	49080	0.8	1	46510 2570
57	49399	0.8	1	46903 2496
58	43875	0.8	1	41410 2465
59	44782	0.8	1	42902 1880
60	41013	0.8	1	38986 2027
61	40009	0.8	1	38231 1778
62	38194	0.8	1	36425 1769
63	47542	0.8	1	45654 1888
64	30916	0.8	1	29587 1329
65	28626	0.8	1	27412 1214
66	29756	0.8	1	28485 1271
67	31889	0.8	1	30643 1246
68	31260	0.8	1	30066 1194
69	25408	0.8	1	24346 1062
70	29683	0.8	1	28392 1291
71	27633	0.8	1	26463 1170
72	26613	0.8	1	25317 1296
73	35982	0.8	1	34557 1425
74	32827	0.8	1	31538 1289
75	28910	0.8	1	28079 831
76	7069	0.8	1	6678 391
77	7004	0.8	1	6582 422
78	12413	0.8	1	11873 540
79	13936	0.8	1	13325 611
80	15255	0.8	1	14591 664
81	14431	0.8	1	13820 611
82	13910	0.8	1	13334 576
83	13216	0.8	1	12690 526
84	12938	0.8	1	12348 590
85	12400	0.8	1	11846 554
86	11703	0.8	1	11134 569
87	11241	0.8	1	10797 444
88	10477	0.8	1	10085 392
89	9494	0.8	1	9096 398
90	9309	0.8	1	8873 436
91	8840	0.8	1	8466 374
92	8105	0.8	1	7760 345
93	7841	0.8	1	7529 312
94	7087	0.8	1	6797 290
95	7093	0.8	1	6781 312
96	6726	0.8	1	6437 289
97	6541	0.8	1	6229 312
98	6096	0.8	1	5808 288
99	5477	0.8	1	5242 235
100	5500	0.8	1	5221 279
101	4973	0.8	1	4710 263
102	4560	0.8	1	4330 230
103	4180	0.8	1	3987 193
104	4125	0.8	1	3930 195
105	3552	0.8	1	3371 181
106	3312	0.8	1	3191 121
107	2968	0.8	1	2822 146
108	2899	0.8	1	2771 128
109	2752	0.8	1	2553 199
110	2531	0.8	1	2368 163
111	2274	0.8	1	2023 251
112	2379	0.8	1	2062 317
113	3162	0.8	1	2718 444
114	2181	0.8	1	1692 489
115	2552	0.8	1	2209 343
116	3497	0.8	1	2993 504
117	1662	0.8	1	1236 426
118	1364	0.8	1	881 483
119	1215	0.8	1	808 407
120	983	0.8	1	599 384
121	1033	0.8	1	668 365
122	793	0.8	1	583 210
123	847	0.8	1	684 163
124	386	0.8	1	253 133
125	345	0.8	1	248 97
126	202	0.8	1	143 59
127	238	0.8	1	200 38
128	155	0.8	1	122 33
129	466	0.8	1	401 65
130	144	0.8	1	119 25
131	158	0.8	1	105 53
132	91	0.8	1	44 47
133	80	0.8	1	29 51
134	134	0.8	1	94 40
135	72	0.8	1	54 18
136	205	0.8	1	171 34
137	447	0.8	1	348 99
138	5732	0.8	1	5559 173
139	289	0.8	1	245 44
140	405	0.8	1	387 18
141	28991	0.8	1	28257 734
142	1625	0.8	1	1569 56
143	4278	0.8	1	4165 113
144	502	0.8	1	460 42
145	100	0.8	1	62 38
146	1306	0.8	1	1266 40
147	249	0.8	1	206 43
148	122	0.8	1	65 57
149	366	0.8	1	185 181
150	11369	0.8	1	8685 2684

RUN STATISTICS FOR INPUT FILE: /beegfs/scratch/ric.sessa/kubacki.michal/SRF_Eva_top/meDIP/fastq/GFP-1-IP_R2_001.fastq.gz
=============================================
54444821 sequences processed in total

Total number of sequences analysed for the sequence pair length validation: 54444821

Number of sequence pairs removed because at least one read was shorter than the length cutoff (20 bp): 6149993 (11.30%)
