
SUMMARISING RUN PARAMETERS
==========================
Input filename: /beegfs/scratch/ric.sessa/kubacki.michal/SRF_Eva_top/meDIP/fastq/GFP-2-IP_R1_001.fastq.gz
Trimming mode: paired-end
Trim Galore version: 0.6.10
Cutadapt version: 5.1
Python version: 3.12.10
Number of cores used for trimming: 2
Quality Phred score cutoff: 20
Quality encoding type selected: ASCII+33
Using Illumina adapter for trimming (count: 84344). Second best hit was Nextera (count: 21)
Adapter sequence: 'AGATCGGAAGAGC' (Illumina TruSeq, Sanger iPCR; auto-detected)
Maximum trimming error rate: 0.1 (default)
Minimum required adapter overlap (stringency): 3 bp
Minimum required sequence length for both reads before a sequence pair gets removed: 20 bp
Running FastQC on the data once trimming has completed
Output file will be GZIP compressed


This is cutadapt 5.1 with Python 3.12.10
Command line parameters: -j 2 -e 0.1 -q 20 -O 3 -a AGATCGGAAGAGC /beegfs/scratch/ric.sessa/kubacki.michal/SRF_Eva_top/meDIP/fastq/GFP-2-IP_R1_001.fastq.gz
Processing single-end reads on 2 cores ...

=== Summary ===

Total reads processed:              57,061,019
Reads with adapters:                17,730,395 (31.1%)
Reads written (passing filters):    57,061,019 (100.0%)

Total basepairs processed: 8,559,152,850 bp
Quality-trimmed:              52,350,697 bp (0.6%)
Total written (filtered):  6,976,303,684 bp (81.5%)

=== Adapter 1 ===

Sequence: AGATCGGAAGAGC; Type: regular 3'; Length: 13; Trimmed: 17730395 times

Minimum overlap: 3
No. of allowed errors:
1-9 bp: 0; 10-13 bp: 1

Bases preceding removed adapters:
  A: 12.8%
  C: 11.3%
  G: 10.2%
  T: 18.3%
  none/other: 47.3%

Overview of removed sequences
length	count	expect	max.err	error counts
3	885444	891578.4	0	885444
4	422291	222894.6	0	422291
5	327480	55723.7	0	327480
6	125460	13930.9	0	125460
7	82316	3482.7	0	82316
8	181488	870.7	0	181488
9	154537	217.7	0	153458 1079
10	127521	54.4	1	104952 22569
11	223023	13.6	1	156179 66844
12	194623	3.4	1	154182 40441
13	153763	0.9	1	120505 33258
14	160412	0.9	1	123192 37220
15	178229	0.9	1	140341 37888
16	182849	0.9	1	139203 43646
17	283938	0.9	1	217950 65988
18	87647	0.9	1	73257 14390
19	135880	0.9	1	109682 26198
20	174166	0.9	1	137963 36203
21	221404	0.9	1	176947 44457
22	101752	0.9	1	85822 15930
23	178712	0.9	1	145408 33304
24	149259	0.9	1	116143 33116
25	153676	0.9	1	127233 26443
26	143153	0.9	1	119870 23283
27	182365	0.9	1	151530 30835
28	128232	0.9	1	107596 20636
29	182145	0.9	1	149212 32933
30	109639	0.9	1	98354 11285
31	105428	0.9	1	89843 15585
32	133444	0.9	1	113256 20188
33	136876	0.9	1	113005 23871
34	189526	0.9	1	163750 25776
35	56187	0.9	1	48882 7305
36	126363	0.9	1	107573 18790
37	110065	0.9	1	94105 15960
38	118762	0.9	1	101440 17322
39	109032	0.9	1	93069 15963
40	120746	0.9	1	101546 19200
41	143154	0.9	1	124599 18555
42	73678	0.9	1	59950 13728
43	134029	0.9	1	104964 29065
44	90824	0.9	1	75835 14989
45	114765	0.9	1	98608 16157
46	82940	0.9	1	68949 13991
47	147809	0.9	1	124738 23071
48	123101	0.9	1	108606 14495
49	97968	0.9	1	85540 12428
50	36472	0.9	1	28867 7605
51	132896	0.9	1	115392 17504
52	63708	0.9	1	51656 12052
53	31134	0.9	1	26163 4971
54	78649	0.9	1	69147 9502
55	29085	0.9	1	25539 3546
56	54430	0.9	1	47197 7233
57	40652	0.9	1	35074 5578
58	62420	0.9	1	54235 8185
59	79735	0.9	1	69340 10395
60	18224	0.9	1	15144 3080
61	63572	0.9	1	55488 8084
62	34808	0.9	1	30704 4104
63	20611	0.9	1	18050 2561
64	38919	0.9	1	33544 5375
65	68981	0.9	1	60854 8127
66	53405	0.9	1	48499 4906
67	20055	0.9	1	17183 2872
68	17640	0.9	1	15033 2607
69	23149	0.9	1	19877 3272
70	26784	0.9	1	23146 3638
71	8651	0.9	1	7058 1593
72	5925	0.9	1	4857 1068
73	6278	0.9	1	5233 1045
74	6970	0.9	1	5945 1025
75	9603	0.9	1	8461 1142
76	11962	0.9	1	10592 1370
77	14119	0.9	1	12670 1449
78	16072	0.9	1	14473 1599
79	16928	0.9	1	15270 1658
80	17247	0.9	1	15482 1765
81	17128	0.9	1	15412 1716
82	17548	0.9	1	15704 1844
83	15937	0.9	1	14222 1715
84	15792	0.9	1	14108 1684
85	14822	0.9	1	13210 1612
86	14853	0.9	1	13265 1588
87	13895	0.9	1	12465 1430
88	13535	0.9	1	12222 1313
89	12693	0.9	1	11385 1308
90	12241	0.9	1	10994 1247
91	11864	0.9	1	10670 1194
92	10912	0.9	1	9841 1071
93	10549	0.9	1	9525 1024
94	9509	0.9	1	8604 905
95	8667	0.9	1	7851 816
96	9001	0.9	1	8131 870
97	8026	0.9	1	7226 800
98	7276	0.9	1	6557 719
99	7331	0.9	1	6622 709
100	7101	0.9	1	6414 687
101	6117	0.9	1	5553 564
102	5859	0.9	1	5309 550
103	5813	0.9	1	5296 517
104	5225	0.9	1	4780 445
105	4619	0.9	1	4227 392
106	4356	0.9	1	3953 403
107	3976	0.9	1	3612 364
108	3915	0.9	1	3609 306
109	3457	0.9	1	3127 330
110	2993	0.9	1	2734 259
111	2952	0.9	1	2691 261
112	2505	0.9	1	2298 207
113	2682	0.9	1	2457 225
114	2114	0.9	1	1926 188
115	2230	0.9	1	2026 204
116	2363	0.9	1	2188 175
117	1436	0.9	1	1284 152
118	1193	0.9	1	1062 131
119	1198	0.9	1	1072 126
120	923	0.9	1	807 116
121	728	0.9	1	601 127
122	723	0.9	1	581 142
123	619	0.9	1	463 156
124	471	0.9	1	339 132
125	366	0.9	1	244 122
126	356	0.9	1	181 175
127	512	0.9	1	361 151
128	269	0.9	1	120 149
129	233	0.9	1	60 173
130	334	0.9	1	101 233
131	213	0.9	1	52 161
132	254	0.9	1	57 197
133	357	0.9	1	41 316
134	456	0.9	1	77 379
135	443	0.9	1	54 389
136	560	0.9	1	67 493
137	799	0.9	1	278 521
138	823	0.9	1	170 653
139	1123	0.9	1	338 785
140	1810	0.9	1	935 875
141	40568	0.9	1	37714 2854
142	3396	0.9	1	1939 1457
143	7055	0.9	1	5130 1925
144	2755	0.9	1	419 2336
145	4089	0.9	1	80 4009
146	6689	0.9	1	1154 5535
147	13497	0.9	1	160 13337
148	21154	0.9	1	89 21065
149	169791	0.9	1	270 169521
150	8190161	0.9	1	9031 8181130

RUN STATISTICS FOR INPUT FILE: /beegfs/scratch/ric.sessa/kubacki.michal/SRF_Eva_top/meDIP/fastq/GFP-2-IP_R1_001.fastq.gz
=============================================
57061019 sequences processed in total

