
SUMMARISING RUN PARAMETERS
==========================
Input filename: /beegfs/scratch/ric.sessa/kubacki.michal/SRF_Eva_top/meDIP/fastq/TES-2-IP_R2_001.fastq.gz
Trimming mode: paired-end
Trim Galore version: 0.6.10
Cutadapt version: 5.1
Python version: 3.12.10
Number of cores used for trimming: 2
Quality Phred score cutoff: 20
Quality encoding type selected: ASCII+33
Using Illumina adapter for trimming (count: 161536). Second best hit was Nextera (count: 18)
Adapter sequence: 'AGATCGGAAGAGC' (Illumina TruSeq, Sanger iPCR; auto-detected)
Maximum trimming error rate: 0.1 (default)
Minimum required adapter overlap (stringency): 3 bp
Minimum required sequence length for both reads before a sequence pair gets removed: 20 bp
Running FastQC on the data once trimming has completed
Output file will be GZIP compressed


This is cutadapt 5.1 with Python 3.12.10
Command line parameters: -j 2 -e 0.1 -q 20 -O 3 -a AGATCGGAAGAGC /beegfs/scratch/ric.sessa/kubacki.michal/SRF_Eva_top/meDIP/fastq/TES-2-IP_R2_001.fastq.gz
Processing single-end reads on 2 cores ...

=== Summary ===

Total reads processed:              27,796,701
Reads with adapters:                 9,377,796 (33.7%)
Reads written (passing filters):    27,796,701 (100.0%)

Total basepairs processed: 4,169,505,150 bp
Quality-trimmed:              12,896,961 bp (0.3%)
Total written (filtered):  3,858,989,194 bp (92.6%)

=== Adapter 1 ===

Sequence: AGATCGGAAGAGC; Type: regular 3'; Length: 13; Trimmed: 9377796 times

Minimum overlap: 3
No. of allowed errors:
1-9 bp: 0; 10-13 bp: 1

Bases preceding removed adapters:
  A: 26.7%
  C: 17.5%
  G: 23.6%
  T: 32.2%
  none/other: 0.1%

Overview of removed sequences
length	count	expect	max.err	error counts
3	626241	434323.5	0	626241
4	270898	108580.9	0	270898
5	251289	27145.2	0	251289
6	144530	6786.3	0	144530
7	170295	1696.6	0	170295
8	209801	424.1	0	209801
9	159690	106.0	0	158506 1184
10	176529	26.5	1	165334 11195
11	187088	6.6	1	172460 14628
12	195503	1.7	1	181233 14270
13	170550	0.4	1	157076 13474
14	173814	0.4	1	159715 14099
15	171495	0.4	1	157710 13785
16	193698	0.4	1	178138 15560
17	157568	0.4	1	145911 11657
18	165533	0.4	1	151994 13539
19	166955	0.4	1	154757 12198
20	184530	0.4	1	169844 14686
21	180825	0.4	1	168045 12780
22	147411	0.4	1	137897 9514
23	138822	0.4	1	129173 9649
24	165679	0.4	1	153321 12358
25	167695	0.4	1	157712 9983
26	134166	0.4	1	124332 9834
27	156164	0.4	1	144458 11706
28	128493	0.4	1	121383 7110
29	145234	0.4	1	136180 9054
30	129844	0.4	1	122860 6984
31	139626	0.4	1	130663 8963
32	124829	0.4	1	118402 6427
33	131599	0.4	1	123346 8253
34	153266	0.4	1	141686 11580
35	113061	0.4	1	106947 6114
36	112932	0.4	1	107006 5926
37	123198	0.4	1	116621 6577
38	130023	0.4	1	121920 8103
39	96326	0.4	1	90836 5490
40	114261	0.4	1	107691 6570
41	99660	0.4	1	94688 4972
42	95664	0.4	1	90408 5256
43	101308	0.4	1	95089 6219
44	93498	0.4	1	88353 5145
45	99290	0.4	1	92195 7095
46	107003	0.4	1	99762 7241
47	74296	0.4	1	69800 4496
48	86999	0.4	1	81471 5528
49	89275	0.4	1	82704 6571
50	74273	0.4	1	69937 4336
51	82300	0.4	1	76455 5845
52	83937	0.4	1	78821 5116
53	66716	0.4	1	62573 4143
54	70464	0.4	1	65966 4498
55	71691	0.4	1	67077 4614
56	68875	0.4	1	64532 4343
57	66108	0.4	1	61892 4216
58	63437	0.4	1	59223 4214
59	62156	0.4	1	59017 3139
60	56705	0.4	1	53322 3383
61	56920	0.4	1	53822 3098
62	52498	0.4	1	49461 3037
63	69759	0.4	1	66204 3555
64	45262	0.4	1	42946 2316
65	41481	0.4	1	39362 2119
66	44600	0.4	1	42322 2278
67	45956	0.4	1	43850 2106
68	48147	0.4	1	45861 2286
69	39160	0.4	1	37138 2022
70	44918	0.4	1	42637 2281
71	42392	0.4	1	40341 2051
72	40577	0.4	1	38353 2224
73	56462	0.4	1	53663 2799
74	53494	0.4	1	50898 2596
75	49756	0.4	1	47838 1918
76	11681	0.4	1	10949 732
77	10756	0.4	1	9985 771
78	19594	0.4	1	18562 1032
79	23561	0.4	1	22314 1247
80	24538	0.4	1	23292 1246
81	24489	0.4	1	23204 1285
82	23578	0.4	1	22370 1208
83	23395	0.4	1	22179 1216
84	22107	0.4	1	20996 1111
85	21809	0.4	1	20694 1115
86	20237	0.4	1	19204 1033
87	19073	0.4	1	18105 968
88	18480	0.4	1	17545 935
89	17603	0.4	1	16718 885
90	16306	0.4	1	15487 819
91	15366	0.4	1	14606 760
92	14925	0.4	1	14254 671
93	14112	0.4	1	13467 645
94	13362	0.4	1	12730 632
95	12506	0.4	1	11923 583
96	11901	0.4	1	11347 554
97	11302	0.4	1	10750 552
98	10726	0.4	1	10226 500
99	10136	0.4	1	9710 426
100	9675	0.4	1	9257 418
101	8763	0.4	1	8375 388
102	8109	0.4	1	7731 378
103	7473	0.4	1	7148 325
104	6775	0.4	1	6469 306
105	6197	0.4	1	5940 257
106	5868	0.4	1	5609 259
107	5020	0.4	1	4770 250
108	4606	0.4	1	4373 233
109	4155	0.4	1	3940 215
110	3787	0.4	1	3558 229
111	3432	0.4	1	3182 250
112	3120	0.4	1	2840 280
113	2694	0.4	1	2341 353
114	2530	0.4	1	2206 324
115	2058	0.4	1	1812 246
116	1891	0.4	1	1549 342
117	1552	0.4	1	1251 301
118	1378	0.4	1	1094 284
119	1033	0.4	1	800 233
120	1103	0.4	1	768 335
121	855	0.4	1	618 237
122	611	0.4	1	492 119
123	474	0.4	1	402 72
124	333	0.4	1	258 75
125	236	0.4	1	196 40
126	181	0.4	1	140 41
127	147	0.4	1	124 23
128	128	0.4	1	99 29
129	207	0.4	1	170 37
130	93	0.4	1	63 30
131	71	0.4	1	57 14
132	99	0.4	1	73 26
133	75	0.4	1	51 24
134	91	0.4	1	74 17
135	78	0.4	1	64 14
136	155	0.4	1	126 29
137	159	0.4	1	113 46
138	1497	0.4	1	1421 76
139	132	0.4	1	119 13
140	174	0.4	1	149 25
141	3423	0.4	1	3303 120
142	317	0.4	1	305 12
143	2169	0.4	1	2077 92
144	810	0.4	1	771 39
145	138	0.4	1	121 17
146	406	0.4	1	372 34
147	156	0.4	1	128 28
148	260	0.4	1	238 22
149	377	0.4	1	259 118
150	6684	0.4	1	4671 2013

RUN STATISTICS FOR INPUT FILE: /beegfs/scratch/ric.sessa/kubacki.michal/SRF_Eva_top/meDIP/fastq/TES-2-IP_R2_001.fastq.gz
=============================================
27796701 sequences processed in total

Total number of sequences analysed for the sequence pair length validation: 27796701

Number of sequence pairs removed because at least one read was shorter than the length cutoff (20 bp): 3737520 (13.45%)
