
SUMMARISING RUN PARAMETERS
==========================
Input filename: /beegfs/scratch/ric.sessa/kubacki.michal/SRF_Eva_top/meDIP/fastq/TES-1-IP_R1_001.fastq.gz
Trimming mode: paired-end
Trim Galore version: 0.6.10
Cutadapt version: 5.1
Python version: 3.12.10
Number of cores used for trimming: 2
Quality Phred score cutoff: 20
Quality encoding type selected: ASCII+33
Using Illumina adapter for trimming (count: 149217). Second best hit was Nextera (count: 15)
Adapter sequence: 'AGATCGGAAGAGC' (Illumina TruSeq, Sanger iPCR; auto-detected)
Maximum trimming error rate: 0.1 (default)
Minimum required adapter overlap (stringency): 3 bp
Minimum required sequence length for both reads before a sequence pair gets removed: 20 bp
Running FastQC on the data once trimming has completed
Output file will be GZIP compressed


This is cutadapt 5.1 with Python 3.12.10
Command line parameters: -j 2 -e 0.1 -q 20 -O 3 -a AGATCGGAAGAGC /beegfs/scratch/ric.sessa/kubacki.michal/SRF_Eva_top/meDIP/fastq/TES-1-IP_R1_001.fastq.gz
Processing single-end reads on 2 cores ...

=== Summary ===

Total reads processed:              26,179,534
Reads with adapters:                 9,442,359 (36.1%)
Reads written (passing filters):    26,179,534 (100.0%)

Total basepairs processed: 3,926,930,100 bp
Quality-trimmed:              36,438,581 bp (0.9%)
Total written (filtered):  3,285,312,413 bp (83.7%)

=== Adapter 1 ===

Sequence: AGATCGGAAGAGC; Type: regular 3'; Length: 13; Trimmed: 9442359 times

Minimum overlap: 3
No. of allowed errors:
1-9 bp: 0; 10-13 bp: 1

Bases preceding removed adapters:
  A: 17.4%
  C: 15.7%
  G: 13.7%
  T: 25.0%
  none/other: 28.2%

Overview of removed sequences
length	count	expect	max.err	error counts
3	467400	409055.2	0	467400
4	239606	102263.8	0	239606
5	227567	25566.0	0	227567
6	93656	6391.5	0	93656
7	60151	1597.9	0	60151
8	136080	399.5	0	136080
9	107139	99.9	0	106494 645
10	92303	25.0	1	75869 16434
11	156460	6.2	1	111439 45021
12	142560	1.6	1	113891 28669
13	110441	0.4	1	87215 23226
14	118800	0.4	1	91580 27220
15	128085	0.4	1	100999 27086
16	135808	0.4	1	103388 32420
17	210492	0.4	1	163082 47410
18	65216	0.4	1	54552 10664
19	98647	0.4	1	79916 18731
20	127484	0.4	1	100963 26521
21	165345	0.4	1	132916 32429
22	76132	0.4	1	64237 11895
23	132538	0.4	1	108693 23845
24	109207	0.4	1	85661 23546
25	112107	0.4	1	93397 18710
26	106838	0.4	1	89517 17321
27	135876	0.4	1	112818 23058
28	100571	0.4	1	84447 16124
29	136078	0.4	1	111601 24477
30	90308	0.4	1	81186 9122
31	70872	0.4	1	59969 10903
32	100423	0.4	1	85518 14905
33	100081	0.4	1	83551 16530
34	115505	0.4	1	96477 19028
35	105866	0.4	1	87721 18145
36	109088	0.4	1	95658 13430
37	73792	0.4	1	63604 10188
38	61878	0.4	1	54538 7340
39	99585	0.4	1	83520 16065
40	117303	0.4	1	101991 15312
41	41203	0.4	1	35446 5757
42	96917	0.4	1	84351 12566
43	66777	0.4	1	53238 13539
44	75902	0.4	1	64250 11652
45	85637	0.4	1	74504 11133
46	67018	0.4	1	54591 12427
47	123077	0.4	1	103259 19818
48	130634	0.4	1	115996 14638
49	82516	0.4	1	72033 10483
50	25814	0.4	1	19645 6169
51	121664	0.4	1	106243 15421
52	68640	0.4	1	56681 11959
53	18168	0.4	1	15051 3117
54	49054	0.4	1	43298 5756
55	23589	0.4	1	20782 2807
56	44403	0.4	1	38634 5769
57	26905	0.4	1	23159 3746
58	46922	0.4	1	40457 6465
59	68932	0.4	1	60502 8430
60	11907	0.4	1	9560 2347
61	57628	0.4	1	50646 6982
62	29097	0.4	1	25835 3262
63	12452	0.4	1	10636 1816
64	30025	0.4	1	25800 4225
65	56445	0.4	1	49949 6496
66	38732	0.4	1	34878 3854
67	16578	0.4	1	14227 2351
68	12899	0.4	1	10890 2009
69	16334	0.4	1	13999 2335
70	20421	0.4	1	17650 2771
71	7825	0.4	1	6366 1459
72	5734	0.4	1	4699 1035
73	5856	0.4	1	4905 951
74	6057	0.4	1	5109 948
75	7557	0.4	1	6497 1060
76	9597	0.4	1	8471 1126
77	11493	0.4	1	10268 1225
78	13174	0.4	1	11809 1365
79	14570	0.4	1	13106 1464
80	14962	0.4	1	13421 1541
81	15275	0.4	1	13680 1595
82	14832	0.4	1	13262 1570
83	14231	0.4	1	12728 1503
84	14289	0.4	1	12810 1479
85	13787	0.4	1	12366 1421
86	13327	0.4	1	11909 1418
87	12724	0.4	1	11446 1278
88	12022	0.4	1	10867 1155
89	11467	0.4	1	10329 1138
90	11210	0.4	1	10142 1068
91	10357	0.4	1	9340 1017
92	9894	0.4	1	8978 916
93	9500	0.4	1	8571 929
94	8959	0.4	1	8163 796
95	8318	0.4	1	7460 858
96	7886	0.4	1	7173 713
97	7386	0.4	1	6746 640
98	6978	0.4	1	6303 675
99	6420	0.4	1	5791 629
100	6112	0.4	1	5534 578
101	5788	0.4	1	5275 513
102	5205	0.4	1	4740 465
103	4870	0.4	1	4453 417
104	4422	0.4	1	4047 375
105	4078	0.4	1	3792 286
106	3761	0.4	1	3449 312
107	3395	0.4	1	3104 291
108	2912	0.4	1	2684 228
109	2712	0.4	1	2489 223
110	2386	0.4	1	2192 194
111	2181	0.4	1	2002 179
112	1949	0.4	1	1771 178
113	1647	0.4	1	1500 147
114	1439	0.4	1	1307 132
115	1193	0.4	1	1077 116
116	938	0.4	1	861 77
117	739	0.4	1	670 69
118	635	0.4	1	582 53
119	556	0.4	1	492 64
120	435	0.4	1	393 42
121	390	0.4	1	327 63
122	325	0.4	1	276 49
123	228	0.4	1	186 42
124	191	0.4	1	146 45
125	141	0.4	1	105 36
126	125	0.4	1	75 50
127	116	0.4	1	71 45
128	97	0.4	1	48 49
129	83	0.4	1	34 49
130	101	0.4	1	42 59
131	108	0.4	1	52 56
132	90	0.4	1	28 62
133	92	0.4	1	16 76
134	150	0.4	1	32 118
135	156	0.4	1	37 119
136	172	0.4	1	55 117
137	186	0.4	1	57 129
138	225	0.4	1	47 178
139	290	0.4	1	75 215
140	279	0.4	1	87 192
141	2721	0.4	1	2299 422
142	627	0.4	1	229 398
143	1846	0.4	1	1311 535
144	1091	0.4	1	432 659
145	1150	0.4	1	79 1071
146	1737	0.4	1	265 1472
147	3815	0.4	1	105 3710
148	6086	0.4	1	201 5885
149	47464	0.4	1	213 47251
150	2605659	0.4	1	2961 2602698

RUN STATISTICS FOR INPUT FILE: /beegfs/scratch/ric.sessa/kubacki.michal/SRF_Eva_top/meDIP/fastq/TES-1-IP_R1_001.fastq.gz
=============================================
26179534 sequences processed in total

