
SUMMARISING RUN PARAMETERS
==========================
Input filename: /beegfs/scratch/ric.sessa/kubacki.michal/SRF_Eva_top/meDIP/fastq/TES-1-IP_R2_001.fastq.gz
Trimming mode: paired-end
Trim Galore version: 0.6.10
Cutadapt version: 5.1
Python version: 3.12.10
Number of cores used for trimming: 2
Quality Phred score cutoff: 20
Quality encoding type selected: ASCII+33
Using Illumina adapter for trimming (count: 149217). Second best hit was Nextera (count: 15)
Adapter sequence: 'AGATCGGAAGAGC' (Illumina TruSeq, Sanger iPCR; auto-detected)
Maximum trimming error rate: 0.1 (default)
Minimum required adapter overlap (stringency): 3 bp
Minimum required sequence length for both reads before a sequence pair gets removed: 20 bp
Running FastQC on the data once trimming has completed
Output file will be GZIP compressed


This is cutadapt 5.1 with Python 3.12.10
Command line parameters: -j 2 -e 0.1 -q 20 -O 3 -a AGATCGGAAGAGC /beegfs/scratch/ric.sessa/kubacki.michal/SRF_Eva_top/meDIP/fastq/TES-1-IP_R2_001.fastq.gz
Processing single-end reads on 2 cores ...

=== Summary ===

Total reads processed:              26,179,534
Reads with adapters:                 8,281,494 (31.6%)
Reads written (passing filters):    26,179,534 (100.0%)

Total basepairs processed: 3,926,930,100 bp
Quality-trimmed:              11,757,366 bp (0.3%)
Total written (filtered):  3,669,434,512 bp (93.4%)

=== Adapter 1 ===

Sequence: AGATCGGAAGAGC; Type: regular 3'; Length: 13; Trimmed: 8281494 times

Minimum overlap: 3
No. of allowed errors:
1-9 bp: 0; 10-13 bp: 1

Bases preceding removed adapters:
  A: 26.4%
  C: 18.1%
  G: 24.4%
  T: 31.2%
  none/other: 0.1%

Overview of removed sequences
length	count	expect	max.err	error counts
3	635229	409055.2	0	635229
4	269074	102263.8	0	269074
5	246332	25566.0	0	246332
6	137147	6391.5	0	137147
7	160888	1597.9	0	160888
8	203041	399.5	0	203041
9	146660	99.9	0	146144 516
10	165839	25.0	1	155506 10333
11	177407	6.2	1	163784 13623
12	183900	1.6	1	171171 12729
13	159207	0.4	1	148195 11012
14	163325	0.4	1	150383 12942
15	158692	0.4	1	147299 11393
16	179814	0.4	1	166717 13097
17	155295	0.4	1	144223 11072
18	138991	0.4	1	130055 8936
19	172562	0.4	1	161181 11381
20	153558	0.4	1	143251 10307
21	147758	0.4	1	138475 9283
22	139734	0.4	1	132134 7600
23	127191	0.4	1	119782 7409
24	155808	0.4	1	145678 10130
25	158098	0.4	1	149956 8142
26	115958	0.4	1	108956 7002
27	128274	0.4	1	120257 8017
28	116925	0.4	1	112007 4918
29	127163	0.4	1	120579 6584
30	124715	0.4	1	119206 5509
31	110079	0.4	1	105202 4877
32	122781	0.4	1	117609 5172
33	112780	0.4	1	108128 4652
34	101164	0.4	1	96497 4667
35	117474	0.4	1	111735 5739
36	95629	0.4	1	92019 3610
37	103795	0.4	1	99085 4710
38	96885	0.4	1	93064 3821
39	100620	0.4	1	96003 4617
40	94108	0.4	1	89830 4278
41	84234	0.4	1	81268 2966
42	88695	0.4	1	84847 3848
43	82755	0.4	1	79032 3723
44	80060	0.4	1	76857 3203
45	84027	0.4	1	79295 4732
46	90450	0.4	1	85608 4842
47	62327	0.4	1	59511 2816
48	70975	0.4	1	67420 3555
49	75163	0.4	1	70577 4586
50	61899	0.4	1	59161 2738
51	68178	0.4	1	64098 4080
52	70217	0.4	1	66679 3538
53	52982	0.4	1	50478 2504
54	57121	0.4	1	54345 2776
55	57287	0.4	1	54294 2993
56	55403	0.4	1	52619 2784
57	52788	0.4	1	50210 2578
58	49482	0.4	1	46916 2566
59	51288	0.4	1	49274 2014
60	45557	0.4	1	43500 2057
61	44500	0.4	1	42787 1713
62	41770	0.4	1	40109 1661
63	53959	0.4	1	51782 2177
64	36210	0.4	1	34983 1227
65	33311	0.4	1	32201 1110
66	34864	0.4	1	33590 1274
67	35311	0.4	1	34207 1104
68	36824	0.4	1	35502 1322
69	30030	0.4	1	29026 1004
70	35023	0.4	1	33709 1314
71	32941	0.4	1	31768 1173
72	30795	0.4	1	29583 1212
73	42408	0.4	1	40949 1459
74	40653	0.4	1	39256 1397
75	39153	0.4	1	37876 1277
76	9001	0.4	1	8556 445
77	7643	0.4	1	7279 364
78	14562	0.4	1	14027 535
79	17669	0.4	1	17076 593
80	18167	0.4	1	17513 654
81	17995	0.4	1	17367 628
82	17214	0.4	1	16653 561
83	16744	0.4	1	16100 644
84	16231	0.4	1	15626 605
85	15617	0.4	1	15105 512
86	14675	0.4	1	14185 490
87	13773	0.4	1	13297 476
88	12713	0.4	1	12239 474
89	12135	0.4	1	11746 389
90	12023	0.4	1	11626 397
91	10777	0.4	1	10406 371
92	10380	0.4	1	10020 360
93	9900	0.4	1	9549 351
94	9230	0.4	1	8943 287
95	8692	0.4	1	8432 260
96	8226	0.4	1	7974 252
97	7705	0.4	1	7468 237
98	7338	0.4	1	7131 207
99	6875	0.4	1	6657 218
100	6548	0.4	1	6360 188
101	6001	0.4	1	5811 190
102	5345	0.4	1	5191 154
103	4973	0.4	1	4821 152
104	4475	0.4	1	4350 125
105	4199	0.4	1	4086 113
106	3858	0.4	1	3771 87
107	3448	0.4	1	3344 104
108	2980	0.4	1	2901 79
109	2768	0.4	1	2680 88
110	2433	0.4	1	2348 85
111	2260	0.4	1	2166 94
112	2050	0.4	1	1946 104
113	1775	0.4	1	1643 132
114	1525	0.4	1	1412 113
115	1259	0.4	1	1161 98
116	1018	0.4	1	908 110
117	830	0.4	1	741 89
118	733	0.4	1	632 101
119	671	0.4	1	540 131
120	518	0.4	1	430 88
121	430	0.4	1	364 66
122	372	0.4	1	301 71
123	341	0.4	1	281 60
124	205	0.4	1	167 38
125	138	0.4	1	107 31
126	114	0.4	1	82 32
127	97	0.4	1	77 20
128	91	0.4	1	65 26
129	118	0.4	1	97 21
130	66	0.4	1	50 16
131	74	0.4	1	51 23
132	59	0.4	1	29 30
133	51	0.4	1	24 27
134	68	0.4	1	45 23
135	72	0.4	1	45 27
136	115	0.4	1	96 19
137	128	0.4	1	80 48
138	863	0.4	1	832 31
139	106	0.4	1	82 24
140	93	0.4	1	67 26
141	2462	0.4	1	2421 41
142	253	0.4	1	231 22
143	1393	0.4	1	1358 35
144	474	0.4	1	453 21
145	88	0.4	1	76 12
146	295	0.4	1	279 16
147	125	0.4	1	104 21
148	244	0.4	1	213 31
149	294	0.4	1	192 102
150	4773	0.4	1	3083 1690

RUN STATISTICS FOR INPUT FILE: /beegfs/scratch/ric.sessa/kubacki.michal/SRF_Eva_top/meDIP/fastq/TES-1-IP_R2_001.fastq.gz
=============================================
26179534 sequences processed in total

Total number of sequences analysed for the sequence pair length validation: 26179534

Number of sequence pairs removed because at least one read was shorter than the length cutoff (20 bp): 2684691 (10.25%)
