
SUMMARISING RUN PARAMETERS
==========================
Input filename: /beegfs/scratch/ric.sessa/kubacki.michal/SRF_Eva_top/meDIP/fastq/TES-2-IP_R1_001.fastq.gz
Trimming mode: paired-end
Trim Galore version: 0.6.10
Cutadapt version: 5.1
Python version: 3.12.10
Number of cores used for trimming: 2
Quality Phred score cutoff: 20
Quality encoding type selected: ASCII+33
Using Illumina adapter for trimming (count: 161536). Second best hit was Nextera (count: 18)
Adapter sequence: 'AGATCGGAAGAGC' (Illumina TruSeq, Sanger iPCR; auto-detected)
Maximum trimming error rate: 0.1 (default)
Minimum required adapter overlap (stringency): 3 bp
Minimum required sequence length for both reads before a sequence pair gets removed: 20 bp
Running FastQC on the data once trimming has completed
Output file will be GZIP compressed


This is cutadapt 5.1 with Python 3.12.10
Command line parameters: -j 2 -e 0.1 -q 20 -O 3 -a AGATCGGAAGAGC /beegfs/scratch/ric.sessa/kubacki.michal/SRF_Eva_top/meDIP/fastq/TES-2-IP_R1_001.fastq.gz
Processing single-end reads on 2 cores ...

=== Summary ===

Total reads processed:              27,796,701
Reads with adapters:                11,277,156 (40.6%)
Reads written (passing filters):    27,796,701 (100.0%)

Total basepairs processed: 4,169,505,150 bp
Quality-trimmed:              38,801,196 bp (0.9%)
Total written (filtered):  3,325,554,137 bp (79.8%)

=== Adapter 1 ===

Sequence: AGATCGGAAGAGC; Type: regular 3'; Length: 13; Trimmed: 11277156 times

Minimum overlap: 3
No. of allowed errors:
1-9 bp: 0; 10-13 bp: 1

Bases preceding removed adapters:
  A: 16.8%
  C: 13.9%
  G: 12.5%
  T: 23.9%
  none/other: 32.9%

Overview of removed sequences
length	count	expect	max.err	error counts
3	460261	434323.5	0	460261
4	245820	108580.9	0	245820
5	231056	27145.2	0	231056
6	91497	6786.3	0	91497
7	59434	1696.6	0	59434
8	139341	424.1	0	139341
9	109133	106.0	0	108478 655
10	94777	26.5	1	77832 16945
11	162018	6.6	1	114140 47878
12	151346	1.7	1	120201 31145
13	111685	0.4	1	87421 24264
14	126244	0.4	1	96911 29333
15	135305	0.4	1	106512 28793
16	142020	0.4	1	107958 34062
17	223068	0.4	1	171529 51539
18	69014	0.4	1	58080 10934
19	105108	0.4	1	85099 20009
20	137069	0.4	1	108404 28665
21	181857	0.4	1	145589 36268
22	81121	0.4	1	68585 12536
23	140217	0.4	1	114666 25551
24	122328	0.4	1	95400 26928
25	123916	0.4	1	103044 20872
26	116917	0.4	1	98039 18878
27	154460	0.4	1	127756 26704
28	109410	0.4	1	91891 17519
29	145096	0.4	1	118901 26195
30	93717	0.4	1	84044 9673
31	90558	0.4	1	77075 13483
32	112667	0.4	1	95712 16955
33	111495	0.4	1	93028 18467
34	138680	0.4	1	114098 24582
35	135667	0.4	1	119975 15692
36	48432	0.4	1	42850 5582
37	99764	0.4	1	85551 14213
38	117070	0.4	1	95868 21202
39	120457	0.4	1	106727 13730
40	55607	0.4	1	47905 7702
41	102959	0.4	1	88810 14149
42	99837	0.4	1	83846 15991
43	91757	0.4	1	77900 13857
44	76505	0.4	1	65297 11208
45	109903	0.4	1	96703 13200
46	57669	0.4	1	47252 10417
47	98121	0.4	1	84181 13940
48	69285	0.4	1	60368 8917
49	90496	0.4	1	77888 12608
50	47640	0.4	1	39656 7984
51	118819	0.4	1	100006 18813
52	48335	0.4	1	39553 8782
53	46201	0.4	1	40203 5998
54	71291	0.4	1	60839 10452
55	35566	0.4	1	31149 4417
56	57412	0.4	1	48666 8746
57	50427	0.4	1	43177 7250
58	66042	0.4	1	55939 10103
59	64276	0.4	1	53726 10550
60	31832	0.4	1	27513 4319
61	66266	0.4	1	55446 10820
62	37647	0.4	1	32849 4798
63	36144	0.4	1	31812 4332
64	53051	0.4	1	45804 7247
65	74482	0.4	1	63606 10876
66	76020	0.4	1	69231 6789
67	43869	0.4	1	39704 4165
68	30510	0.4	1	26672 3838
69	38155	0.4	1	33470 4685
70	43664	0.4	1	38017 5647
71	12004	0.4	1	9880 2124
72	7302	0.4	1	6001 1301
73	7820	0.4	1	6560 1260
74	9055	0.4	1	7780 1275
75	11989	0.4	1	10577 1412
76	15145	0.4	1	13528 1617
77	17567	0.4	1	15799 1768
78	19218	0.4	1	17313 1905
79	20183	0.4	1	18220 1963
80	21027	0.4	1	19035 1992
81	21022	0.4	1	19001 2021
82	20373	0.4	1	18376 1997
83	19750	0.4	1	17822 1928
84	19471	0.4	1	17541 1930
85	18988	0.4	1	17111 1877
86	18046	0.4	1	16224 1822
87	17408	0.4	1	15765 1643
88	17218	0.4	1	15580 1638
89	16523	0.4	1	14999 1524
90	15178	0.4	1	13734 1444
91	14550	0.4	1	13185 1365
92	13968	0.4	1	12706 1262
93	13303	0.4	1	12087 1216
94	12760	0.4	1	11539 1221
95	11984	0.4	1	10901 1083
96	11330	0.4	1	10334 996
97	10728	0.4	1	9806 922
98	10042	0.4	1	9102 940
99	9388	0.4	1	8539 849
100	8972	0.4	1	8200 772
101	8402	0.4	1	7724 678
102	7758	0.4	1	7099 659
103	7184	0.4	1	6588 596
104	6690	0.4	1	6169 521
105	5980	0.4	1	5525 455
106	5684	0.4	1	5194 490
107	4930	0.4	1	4549 381
108	4466	0.4	1	4155 311
109	3998	0.4	1	3690 308
110	3653	0.4	1	3411 242
111	3192	0.4	1	2963 229
112	2819	0.4	1	2598 221
113	2354	0.4	1	2189 165
114	2250	0.4	1	2075 175
115	1863	0.4	1	1727 136
116	1613	0.4	1	1471 142
117	1293	0.4	1	1191 102
118	1089	0.4	1	1002 87
119	791	0.4	1	701 90
120	725	0.4	1	663 62
121	616	0.4	1	537 79
122	507	0.4	1	450 57
123	367	0.4	1	326 41
124	280	0.4	1	248 32
125	223	0.4	1	185 38
126	191	0.4	1	140 51
127	188	0.4	1	117 71
128	142	0.4	1	88 54
129	123	0.4	1	70 53
130	115	0.4	1	58 57
131	121	0.4	1	61 60
132	127	0.4	1	64 63
133	167	0.4	1	44 123
134	186	0.4	1	56 130
135	173	0.4	1	52 121
136	232	0.4	1	90 142
137	260	0.4	1	100 160
138	279	0.4	1	74 205
139	363	0.4	1	121 242
140	413	0.4	1	180 233
141	3740	0.4	1	3265 475
142	776	0.4	1	322 454
143	2729	0.4	1	2055 674
144	1555	0.4	1	780 775
145	1483	0.4	1	132 1351
146	2252	0.4	1	365 1887
147	4908	0.4	1	136 4772
148	7683	0.4	1	232 7451
149	62816	0.4	1	292 62524
150	3637282	0.4	1	4617 3632665

RUN STATISTICS FOR INPUT FILE: /beegfs/scratch/ric.sessa/kubacki.michal/SRF_Eva_top/meDIP/fastq/TES-2-IP_R1_001.fastq.gz
=============================================
27796701 sequences processed in total

