
SUMMARISING RUN PARAMETERS
==========================
Input filename: /beegfs/scratch/ric.sessa/kubacki.michal/SRF_Eva_top/meDIP/fastq/TESmut-1-INPUT_R1_001.fastq.gz
Trimming mode: paired-end
Trim Galore version: 0.6.10
Cutadapt version: 5.1
Python version: 3.12.10
Number of cores used for trimming: 2
Quality Phred score cutoff: 20
Quality encoding type selected: ASCII+33
Using Illumina adapter for trimming (count: 148814). Second best hit was Nextera (count: 12)
Adapter sequence: 'AGATCGGAAGAGC' (Illumina TruSeq, Sanger iPCR; auto-detected)
Maximum trimming error rate: 0.1 (default)
Minimum required adapter overlap (stringency): 3 bp
Minimum required sequence length for both reads before a sequence pair gets removed: 20 bp
Running FastQC on the data once trimming has completed
Output file will be GZIP compressed


This is cutadapt 5.1 with Python 3.12.10
Command line parameters: -j 2 -e 0.1 -q 20 -O 3 -a AGATCGGAAGAGC /beegfs/scratch/ric.sessa/kubacki.michal/SRF_Eva_top/meDIP/fastq/TESmut-1-INPUT_R1_001.fastq.gz
Processing single-end reads on 2 cores ...

=== Summary ===

Total reads processed:              22,893,058
Reads with adapters:                 8,509,531 (37.2%)
Reads written (passing filters):    22,893,058 (100.0%)

Total basepairs processed: 3,433,958,700 bp
Quality-trimmed:              16,789,753 bp (0.5%)
Total written (filtered):  2,879,260,777 bp (83.8%)

=== Adapter 1 ===

Sequence: AGATCGGAAGAGC; Type: regular 3'; Length: 13; Trimmed: 8509531 times

Minimum overlap: 3
No. of allowed errors:
1-9 bp: 0; 10-13 bp: 1

Bases preceding removed adapters:
  A: 17.5%
  C: 13.0%
  G: 16.0%
  T: 23.6%
  none/other: 29.9%

Overview of removed sequences
length	count	expect	max.err	error counts
3	540596	357704.0	0	540596
4	227772	89426.0	0	227772
5	229965	22356.5	0	229965
6	99185	5589.1	0	99185
7	66312	1397.3	0	66312
8	141994	349.3	0	141994
9	108547	87.3	0	107746 801
10	100724	21.8	1	85213 15511
11	149159	5.5	1	112639 36520
12	149488	1.4	1	123420 26068
13	111276	0.3	1	91457 19819
14	116051	0.3	1	93367 22684
15	125996	0.3	1	103904 22092
16	129097	0.3	1	103855 25242
17	197174	0.3	1	159711 37463
18	68994	0.3	1	59769 9225
19	95071	0.3	1	80003 15068
20	120963	0.3	1	100156 20807
21	154828	0.3	1	129778 25050
22	75236	0.3	1	65662 9574
23	124764	0.3	1	106357 18407
24	96371	0.3	1	79896 16475
25	101758	0.3	1	88311 13447
26	99510	0.3	1	86709 12801
27	120199	0.3	1	103883 16316
28	88868	0.3	1	77615 11253
29	116042	0.3	1	99504 16538
30	87372	0.3	1	80232 7140
31	66627	0.3	1	58534 8093
32	88708	0.3	1	78103 10605
33	86924	0.3	1	76061 10863
34	87723	0.3	1	77119 10604
35	120263	0.3	1	102945 17318
36	88034	0.3	1	82276 5758
37	28361	0.3	1	24737 3624
38	89311	0.3	1	80221 9090
39	75195	0.3	1	64238 10957
40	80948	0.3	1	74165 6783
41	34372	0.3	1	30187 4185
42	82168	0.3	1	74971 7197
43	40536	0.3	1	34336 6200
44	59833	0.3	1	52225 7608
45	76755	0.3	1	69471 7284
46	43588	0.3	1	36439 7149
47	86915	0.3	1	75593 11322
48	128459	0.3	1	118393 10066
49	59306	0.3	1	53271 6035
50	17679	0.3	1	14175 3504
51	96356	0.3	1	87054 9302
52	61837	0.3	1	53845 7992
53	10141	0.3	1	8506 1635
54	28494	0.3	1	25851 2643
55	16929	0.3	1	15410 1519
56	32003	0.3	1	28911 3092
57	14381	0.3	1	12774 1607
58	30486	0.3	1	27294 3192
59	43957	0.3	1	39693 4264
60	5514	0.3	1	4426 1088
61	33996	0.3	1	30858 3138
62	17823	0.3	1	16147 1676
63	5713	0.3	1	4932 781
64	16612	0.3	1	14676 1936
65	30483	0.3	1	27668 2815
66	19831	0.3	1	17869 1962
67	10719	0.3	1	9456 1263
68	6859	0.3	1	5954 905
69	8279	0.3	1	7257 1022
70	9858	0.3	1	8728 1130
71	4317	0.3	1	3650 667
72	3284	0.3	1	2836 448
73	3381	0.3	1	2956 425
74	3476	0.3	1	3012 464
75	3897	0.3	1	3479 418
76	4989	0.3	1	4512 477
77	6133	0.3	1	5604 529
78	6779	0.3	1	6262 517
79	7397	0.3	1	6789 608
80	7728	0.3	1	7158 570
81	7819	0.3	1	7148 671
82	7442	0.3	1	6842 600
83	7337	0.3	1	6722 615
84	6923	0.3	1	6387 536
85	6802	0.3	1	6210 592
86	6442	0.3	1	5914 528
87	6060	0.3	1	5595 465
88	5692	0.3	1	5242 450
89	5594	0.3	1	5155 439
90	5025	0.3	1	4637 388
91	4865	0.3	1	4466 399
92	4552	0.3	1	4219 333
93	4193	0.3	1	3886 307
94	3833	0.3	1	3556 277
95	3651	0.3	1	3376 275
96	3384	0.3	1	3124 260
97	3162	0.3	1	2909 253
98	2919	0.3	1	2698 221
99	2801	0.3	1	2608 193
100	2523	0.3	1	2347 176
101	2362	0.3	1	2192 170
102	2118	0.3	1	1949 169
103	1925	0.3	1	1764 161
104	1750	0.3	1	1627 123
105	1660	0.3	1	1528 132
106	1421	0.3	1	1328 93
107	1294	0.3	1	1186 108
108	1250	0.3	1	1149 101
109	1186	0.3	1	1101 85
110	1023	0.3	1	955 68
111	913	0.3	1	847 66
112	856	0.3	1	791 65
113	724	0.3	1	662 62
114	636	0.3	1	578 58
115	566	0.3	1	503 63
116	524	0.3	1	473 51
117	430	0.3	1	379 51
118	351	0.3	1	314 37
119	388	0.3	1	347 41
120	300	0.3	1	273 27
121	266	0.3	1	233 33
122	180	0.3	1	150 30
123	185	0.3	1	145 40
124	167	0.3	1	131 36
125	107	0.3	1	68 39
126	114	0.3	1	77 37
127	85	0.3	1	49 36
128	94	0.3	1	54 40
129	70	0.3	1	27 43
130	92	0.3	1	35 57
131	74	0.3	1	30 44
132	73	0.3	1	24 49
133	104	0.3	1	17 87
134	96	0.3	1	27 69
135	140	0.3	1	26 114
136	168	0.3	1	55 113
137	156	0.3	1	44 112
138	155	0.3	1	33 122
139	260	0.3	1	79 181
140	268	0.3	1	89 179
141	1696	0.3	1	1394 302
142	440	0.3	1	108 332
143	1284	0.3	1	842 442
144	855	0.3	1	286 569
145	969	0.3	1	49 920
146	1521	0.3	1	160 1361
147	3348	0.3	1	83 3265
148	5342	0.3	1	124 5218
149	42072	0.3	1	122 41950
150	2489785	0.3	1	2152 2487633

RUN STATISTICS FOR INPUT FILE: /beegfs/scratch/ric.sessa/kubacki.michal/SRF_Eva_top/meDIP/fastq/TESmut-1-INPUT_R1_001.fastq.gz
=============================================
22893058 sequences processed in total

