
SUMMARISING RUN PARAMETERS
==========================
Input filename: /beegfs/scratch/ric.sessa/kubacki.michal/SRF_Eva_top/meDIP/fastq/TESmut-1-INPUT_R2_001.fastq.gz
Trimming mode: paired-end
Trim Galore version: 0.6.10
Cutadapt version: 5.1
Python version: 3.12.10
Number of cores used for trimming: 2
Quality Phred score cutoff: 20
Quality encoding type selected: ASCII+33
Using Illumina adapter for trimming (count: 148814). Second best hit was Nextera (count: 12)
Adapter sequence: 'AGATCGGAAGAGC' (Illumina TruSeq, Sanger iPCR; auto-detected)
Maximum trimming error rate: 0.1 (default)
Minimum required adapter overlap (stringency): 3 bp
Minimum required sequence length for both reads before a sequence pair gets removed: 20 bp
Running FastQC on the data once trimming has completed
Output file will be GZIP compressed


This is cutadapt 5.1 with Python 3.12.10
Command line parameters: -j 2 -e 0.1 -q 20 -O 3 -a AGATCGGAAGAGC /beegfs/scratch/ric.sessa/kubacki.michal/SRF_Eva_top/meDIP/fastq/TESmut-1-INPUT_R2_001.fastq.gz
Processing single-end reads on 2 cores ...

=== Summary ===

Total reads processed:              22,893,058
Reads with adapters:                 6,585,193 (28.8%)
Reads written (passing filters):    22,893,058 (100.0%)

Total basepairs processed: 3,433,958,700 bp
Quality-trimmed:               8,609,560 bp (0.3%)
Total written (filtered):  3,250,653,060 bp (94.7%)

=== Adapter 1 ===

Sequence: AGATCGGAAGAGC; Type: regular 3'; Length: 13; Trimmed: 6585193 times

Minimum overlap: 3
No. of allowed errors:
1-9 bp: 0; 10-13 bp: 1

Bases preceding removed adapters:
  A: 24.0%
  C: 18.5%
  G: 22.5%
  T: 35.0%
  none/other: 0.1%

Overview of removed sequences
length	count	expect	max.err	error counts
3	519985	357704.0	0	519985
4	248554	89426.0	0	248554
5	231035	22356.5	0	231035
6	121744	5589.1	0	121744
7	141283	1397.3	0	141283
8	187010	349.3	0	187010
9	123359	87.3	0	122412 947
10	148056	21.8	1	133415 14641
11	159290	5.5	1	140920 18370
12	165580	1.4	1	147529 18051
13	141734	0.3	1	125167 16567
14	143066	0.3	1	125263 17803
15	138507	0.3	1	121887 16620
16	159750	0.3	1	141132 18618
17	131374	0.3	1	116319 15055
18	125018	0.3	1	110866 14152
19	149019	0.3	1	132992 16027
20	130594	0.3	1	116261 14333
21	132954	0.3	1	119075 13879
22	120786	0.3	1	109405 11381
23	103409	0.3	1	93220 10189
24	117981	0.3	1	105959 12022
25	130848	0.3	1	118720 12128
26	100552	0.3	1	90611 9941
27	118335	0.3	1	106245 12090
28	93724	0.3	1	85745 7979
29	109646	0.3	1	99369 10277
30	96747	0.3	1	88763 7984
31	96039	0.3	1	87937 8102
32	88906	0.3	1	81941 6965
33	101978	0.3	1	93079 8899
34	97062	0.3	1	89948 7114
35	70601	0.3	1	64785 5816
36	80932	0.3	1	74924 6008
37	83659	0.3	1	77029 6630
38	83275	0.3	1	76984 6291
39	67717	0.3	1	62530 5187
40	69465	0.3	1	64182 5283
41	74762	0.3	1	68765 5997
42	61625	0.3	1	57202 4423
43	60841	0.3	1	56304 4537
44	57973	0.3	1	53810 4163
45	61651	0.3	1	56615 5036
46	66532	0.3	1	61031 5501
47	42935	0.3	1	39497 3438
48	51790	0.3	1	47434 4356
49	53695	0.3	1	48956 4739
50	43392	0.3	1	39990 3402
51	48173	0.3	1	43949 4224
52	50305	0.3	1	46398 3907
53	36354	0.3	1	33515 2839
54	37822	0.3	1	34901 2921
55	38279	0.3	1	35162 3117
56	37294	0.3	1	34362 2932
57	36157	0.3	1	33342 2815
58	30958	0.3	1	28366 2592
59	31892	0.3	1	29675 2217
60	29502	0.3	1	27210 2292
61	28014	0.3	1	26173 1841
62	26060	0.3	1	24028 2032
63	35099	0.3	1	32750 2349
64	20955	0.3	1	19562 1393
65	19321	0.3	1	18056 1265
66	20208	0.3	1	18910 1298
67	21773	0.3	1	20386 1387
68	21978	0.3	1	20492 1486
69	17321	0.3	1	16213 1108
70	19902	0.3	1	18492 1410
71	18663	0.3	1	17420 1243
72	17270	0.3	1	15925 1345
73	23468	0.3	1	21907 1561
74	20673	0.3	1	19300 1373
75	18220	0.3	1	17269 951
76	4217	0.3	1	3892 325
77	4064	0.3	1	3713 351
78	7311	0.3	1	6766 545
79	8732	0.3	1	8154 578
80	8984	0.3	1	8372 612
81	8790	0.3	1	8216 574
82	8328	0.3	1	7780 548
83	8065	0.3	1	7529 536
84	7493	0.3	1	6983 510
85	7277	0.3	1	6789 488
86	6794	0.3	1	6372 422
87	6349	0.3	1	5937 412
88	5842	0.3	1	5490 352
89	5695	0.3	1	5321 374
90	5266	0.3	1	4902 364
91	4927	0.3	1	4633 294
92	4655	0.3	1	4381 274
93	4314	0.3	1	4059 255
94	3910	0.3	1	3637 273
95	3688	0.3	1	3479 209
96	3390	0.3	1	3171 219
97	3256	0.3	1	3058 198
98	3005	0.3	1	2835 170
99	2919	0.3	1	2737 182
100	2672	0.3	1	2526 146
101	2419	0.3	1	2270 149
102	2188	0.3	1	2049 139
103	1907	0.3	1	1797 110
104	1741	0.3	1	1631 110
105	1651	0.3	1	1543 108
106	1427	0.3	1	1353 74
107	1341	0.3	1	1256 85
108	1297	0.3	1	1195 102
109	1228	0.3	1	1137 91
110	1090	0.3	1	970 120
111	1051	0.3	1	893 158
112	1005	0.3	1	812 193
113	959	0.3	1	730 229
114	858	0.3	1	645 213
115	736	0.3	1	540 196
116	801	0.3	1	539 262
117	686	0.3	1	433 253
118	707	0.3	1	395 312
119	763	0.3	1	451 312
120	657	0.3	1	368 289
121	489	0.3	1	289 200
122	259	0.3	1	172 87
123	355	0.3	1	289 66
124	191	0.3	1	141 50
125	108	0.3	1	74 34
126	119	0.3	1	82 37
127	77	0.3	1	55 22
128	90	0.3	1	62 28
129	117	0.3	1	95 22
130	64	0.3	1	46 18
131	52	0.3	1	33 19
132	48	0.3	1	30 18
133	46	0.3	1	24 22
134	62	0.3	1	37 25
135	46	0.3	1	30 16
136	106	0.3	1	85 21
137	108	0.3	1	63 45
138	1061	0.3	1	991 70
139	88	0.3	1	72 16
140	93	0.3	1	82 11
141	1490	0.3	1	1402 88
142	115	0.3	1	101 14
143	911	0.3	1	855 56
144	312	0.3	1	297 15
145	55	0.3	1	45 10
146	190	0.3	1	169 21
147	101	0.3	1	84 17
148	144	0.3	1	124 20
149	166	0.3	1	114 52
150	3244	0.3	1	2125 1119

RUN STATISTICS FOR INPUT FILE: /beegfs/scratch/ric.sessa/kubacki.michal/SRF_Eva_top/meDIP/fastq/TESmut-1-INPUT_R2_001.fastq.gz
=============================================
22893058 sequences processed in total

Total number of sequences analysed for the sequence pair length validation: 22893058

Number of sequence pairs removed because at least one read was shorter than the length cutoff (20 bp): 2556245 (11.17%)
